================================================================================================
SPEC T6 — RELIABILITY-HELD-FIXED SURVIVAL LADDER
================================================================================================

Panel N=434,016, market-cap coverage=100.0%
Pooled market-cap tercile cutpoints ($M):
  tercile 1: N=144,672  cap range=[0.0, 136.6]M  median=$39.4M
  tercile 2: N=144,672  cap range=[136.6, 1,165.6]M  median=$401.1M
  tercile 3: N=144,672  cap range=[1,165.6, 3,036,001.9]M  median=$3,962.7M

------------------------------------------------------------------------------------------------
k(yr) tercile   t(IVOL)   beta_IVOL  achieved rel  medCap($M)  N_tick    N_obs
------------------------------------------------------------------------------------------------
    0       1    -1.077   -0.005404         0.368        39.4   6,427  124,743
    0       2    +0.030   +0.000128         0.462       401.1   6,423  130,937
    0       3    +0.314   +0.001308         0.526     3,962.7   4,137  136,871

    5       1    -0.165   -0.000862         0.373        41.0   3,996  108,432
    5       2    +0.463   +0.002058         0.468       406.5   4,653  120,605
    5       3    +0.564   +0.002309         0.525     4,077.4   3,231  131,036

   10       1    +0.098   +0.000493         0.375        42.6   2,307   78,435
   10       2    +0.554   +0.002305         0.470       414.4   2,929   94,440
   10       3    +0.682   +0.002646         0.519     4,306.6   2,222  111,760

   15       1    +0.325   +0.001625         0.377        44.2   1,410   53,985
   15       2    +1.002   +0.004078         0.474       431.6   1,983   72,939
   15       3    +0.842   +0.003010         0.515     4,590.1   1,697   96,902

   20       1    +0.642   +0.002989         0.375        45.6     851   35,147
   20       2    +1.137   +0.004678         0.468       440.9   1,254   50,419
   20       3    +0.770   +0.002615         0.516     5,052.2   1,187   76,561

   25       1    +0.476   +0.001990         0.378        47.5     446   18,372
   25       2    +1.681   +0.006967         0.453       461.0     763   31,724
   25       3    +1.147   +0.003615         0.514     5,557.5     809   57,356

   27       1    +2.704   +0.021194         0.479        63.7      76    2,409
   27       2    +3.540   +0.013190         0.418       478.5     186    8,023
   27       3    +1.903   +0.005376         0.504     8,827.1     301   25,968

